Operating System: Manjaro Linux 
KDE Plasma Version: 5.17.1
KDE Frameworks Version: 5.63.0
Qt Version: 5.13.1
Kernel Version: 5.3.7-2-MANJARO
OS Type: 64-bit
Processors: 12 × AMD Ryzen 5 1600 Six-Core Processor
Memory: 15.7 GiB of RAM
L1 576 KB
L2 3072 KB
L3 16384 KB
--------------------------------------------------------------------
blocksize=2
2 3.8147e-07 1.90735e-07 6.67572e-07 2.38419e-07
4 7.62939e-07 8.10623e-07 6.67572e-07 1.00136e-06
8 1.57356e-06 3.29018e-06 1.14441e-06 2.95639e-06
16 8.39233e-06 1.27792e-05 6.77109e-06 1.28746e-05
32 7.72476e-05 9.1362e-05 5.81741e-05 9.39846e-05
64 0.000389767 0.000563574 0.000402021 0.00044198
128 0.00187302 0.00274098 0.00212395 0.00215411
256 0.0165327 0.0188294 0.120427 0.0202033
512 0.961099 0.178694 2.48566 0.205413
1024 20.6047 3.3608 20.4251 3.18765
2048 151.07 52.4027 145.826 67.1261
--------------------------------------------------------------------
blocksize=4
4 1.90735e-07 1.90735e-07 6.19888e-07 1.90735e-07
8 1.19209e-06 1.23978e-06 9.53674e-07 1.62125e-06
16 4.76837e-06 5.81741e-06 3.76701e-06 5.38826e-06
32 4.52518e-05 4.61578e-05 3.60012e-05 4.18186e-05
64 0.000292778 0.000328588 0.000279188 0.000313187
128 0.00299174 0.00303328 0.00318825 0.00289553
256 0.0221798 0.0226581 0.094491 0.024719
512 0.766229 0.20083 2.11769 0.233764
1024 19.8627 1.68398 20.289 1.4353
2048 161.72 23.7588 150.914 26.9704
--------------------------------------------------------------------
blocksize=8
8 1.04904e-06 9.53674e-07 1.00136e-06 7.62939e-07
16 6.19888e-06 6.58035e-06 4.81606e-06 6.05583e-06
32 4.36306e-05 3.71933e-05 3.51906e-05 3.15666e-05
64 0.000460815 0.000270033 0.000286627 0.000241947
128 0.00245833 0.00298882 0.0025714 0.00268251
256 0.026176 0.020081 0.102504 0.0183504
512 0.786875 0.11555 2.40919 0.184849
1024 19.6196 1.72515 19.6553 1.42345
2048 148.037 13.0136 148.176 11.8566
--------------------------------------------------------------------
blocksize=16
16 7.72476e-06 8.82149e-06 7.00951e-06 5.81741e-06
32 9.81808e-05 6.95705e-05 7.08103e-05 7.58171e-05
64 0.000764847 0.000652122 0.00073638 0.000515604
128 0.00321541 0.00276423 0.00317864 0.00246725
256 0.0297694 0.0147082 0.116131 0.0174417
512 0.801432 0.114788 2.48398 1.11275
1024 20.3878 10.5334 20.4275 8.52504
2048 169.102 82.302 160.862 66.2193
--------------------------------------------------------------------
blocksize=32
32 9.23634e-05 8.82626e-05 7.09534e-05 6.6328e-05
64 0.000923586 0.00109019 0.00094142 0.000795603
128 0.00247207 0.00271573 0.0024714 0.00256109
256 0.025788 0.0220823 0.108405 0.0738274
512 0.853978 0.814665 2.4612 2.17599
1024 19.9965 19.3121 19.8999 17.1605
2048 152.591 156.106 147.937 126.972
--------------------------------------------------------------------
blocksize=64
64 0.000783741 0.000616491 0.000620008 0.000670969
128 0.0026248 0.00255284 0.00248313 0.00241923
256 0.031177 0.026912 0.095824 0.0685129
512 0.855597 0.970248 2.46363 2.36967
1024 20.0061 20.1084 19.8664 18.9378
2048 154.686 160.877 148.205 146.775
--------------------------------------------------------------------
blocksize=128
128 0.00250852 0.00221491 0.00241101 0.00229096
256 0.0263847 0.01542 0.118248 0.121456
512 0.943727 0.974976 2.46292 2.42262
1024 19.9866 20.0039 19.8968 19.5058
2048 153.255 162.073 147.884 152.782
--------------------------------------------------------------------
blocksize=256
256 0.0389437 0.0177804 0.121839 0.11858
512 0.974155 0.961689 2.4874 2.46734
1024 19.9951 20.0691 19.8463 19.6285
2048 153.055 161.602 146.568 154.767

============================================================================================

school pc
--------------------------------------------------------------------
blocksize=2 
2 1.19209e-07 3.09944e-07 1.19209e-07 2.14577e-07
4 3.33786e-07 3.8147e-07 2.14577e-07 5.96046e-07
8 1.07288e-06 1.19209e-06 1.00136e-06 1.26362e-06
16 6.74725e-06 7.77245e-06 6.69956e-06 7.79629e-06
32 5.44786e-05 5.85318e-05 5.22852e-05 5.85079e-05
64 0.000416899 0.000469398 0.000433993 0.00047698
128 0.00576949 0.00378101 0.00349965 0.00389957
256 0.0278155 0.0349603 0.0377747 0.0338829
512 0.274706 0.2614 0.360895 0.303649
1024 9.34427 6.38587 9.52701 5.47497
2048 79.0881 53.1938 80.3337 54.6156
--------------------------------------------------------------------
blocksize=4 
4 9.53674e-08 4.76837e-07 9.53674e-08 1.90735e-07
8 1.00136e-06 1.19209e-06 9.29832e-07 9.77516e-07
16 6.41346e-06 6.86646e-06 7.43866e-06 6.48499e-06
32 5.27382e-05 5.04255e-05 5.02586e-05 5.07832e-05
64 0.000409484 0.000410318 0.000418925 0.000407863
128 0.0041961 0.00325747 0.00397341 0.00325298
256 0.0268795 0.0265313 0.0308157 0.0270133
512 0.268031 0.229112 0.313546 0.233595
1024 3.85468 2.0627 5.53478 2.29439
2048 77.0392 26.496 80.1647 27.5394
--------------------------------------------------------------------
blocksize=8 
8 2.16961e-06 1.07288e-06 6.91414e-07 8.34465e-07
16 6.77109e-06 6.96182e-06 6.17504e-06 6.77109e-06
32 5.35488e-05 5.17607e-05 5.16176e-05 5.21898e-05
64 0.000409603 0.00041368 0.000419712 0.000416231
128 0.00420377 0.00414338 0.00419345 0.00405543
256 0.0326687 0.026181 0.0311643 0.0285599
512 0.268189 0.242178 0.312579 0.266998
1024 3.81764 1.81522 5.49113 1.91132
2048 77.0122 15.1138 80.1227 15.9544
--------------------------------------------------------------------
blocksize=16 
16 6.38962e-06 6.81877e-06 6.19888e-06 6.19888e-06
32 5.25951e-05 5.06401e-05 5.09739e-05 0.000147772
64 0.000465488 0.000453138 0.000446224 0.000408411
128 0.00331478 0.00330553 0.00329103 0.0033844
256 0.0268214 0.0259876 0.030789 0.0258758
512 0.264423 0.208546 0.270109 0.207215
1024 3.64889 1.67118 4.932 1.70551
2048 75.5122 13.6725 78.1347 14.0762
--------------------------------------------------------------------
blocksize=32 
32 5.25951e-05 5.30243e-05 5.04017e-05 5.0211e-05
64 0.000411558 0.000421429 0.000416374 0.000413179
128 0.00329041 0.00324144 0.00325599 0.00328536
256 0.026619 0.025603 0.0300424 0.0257172
512 0.253687 0.204852 0.289447 0.209206
1024 3.40898 1.65774 4.75375 1.67678
2048 75.2122 13.7476 77.7347 13.9958
--------------------------------------------------------------------
blocksize=64 
64 0.00041399 0.000404835 0.000417185 0.000423527
128 0.00328979 0.00319099 0.00327301 0.00319457
256 0.0264064 0.0256314 0.0296904 0.0256118
512 0.259885 0.206549 0.275515 0.220143
1024 3.5962 1.69905 5.08283 1.80577
2048 75.5122 13.9331 78.1347 14.509
--------------------------------------------------------------------
blocksize=128 
128 0.00324607 0.00328479 0.00325356 0.00326662
256 0.0384547 0.0258571 0.0441251 0.0336868
512 0.258016 0.207643 0.264866 0.244163
1024 3.53211 1.89244 4.93242 1.97898
2048 77.2122 15.7807 81.0127 16.3162
--------------------------------------------------------------------
blocksize=256 
256 0.028897 0.0270082 0.0430088 0.030657
512 0.269941 0.2389 0.290659 0.271504
1024 3.77465 2.04514 4.88898 2.16941
2048 77.3522 15.6687 80.7127 16.1422


