N     naive_float          block2         block4         block8           block16          block32         block64         block128         block256
8 9.5367431641e-07 1.1920928955e-06 9.5367431641e-07 0.0000000000e+00 0.0000000000e+00 0.0000000000e+00 0.0000000000e+00 0.0000000000e+00 9.5367431641e-07
16 5.0067901611e-06 6.9141387939e-06 4.0531158447e-06 4.0531158447e-06 3.0994415283e-06 3.0994415283e-06 4.0531158447e-06 3.8146972656e-06 4.0531158447e-06
32 4.0054321289e-05 4.8160552979e-05 3.7908554077e-05 3.2186508179e-05 2.9802322388e-05 4.1961669922e-05 4.0054321289e-05 3.4093856812e-05 3.3855438232e-05
64 2.1505355835e-04 2.9802322388e-04 2.3698806763e-04 2.0503997803e-04 1.8501281738e-04 2.5916099548e-04 2.4485588074e-04 2.2101402283e-04 2.1314620972e-04
128 1.8329620361e-03 2.3179054260e-03 1.8789768219e-03 1.6541481018e-03 1.5690326691e-03 2.2029876709e-03 3.8340091705e-03 4.0309429169e-03 2.6829242706e-03
256 1.7582893372e-02 1.9480943680e-02 1.5327930450e-02 1.2001991272e-02 1.1054039001e-02 1.5957832336e-02 1.4190912247e-02 1.4915943146e-02 1.4590978622e-02
512 8.8623094559e-01 1.6470408440e-01 1.3501310349e-01 1.0169410706e-01 1.0712099075e-01 7.3632788658e-01 8.6163687706e-01 8.8108301163e-01 8.8993787766e-01
1024 1.9414785147e+01 3.8670170307e+00 2.1078400612e+00 1.5855648518e+00 1.0179446936e+01 1.8786998034e+01 1.9329827070e+01 1.9742893219e+01 2.0132121086e+01

N     naive_float        block2        block4        block8        block16        block32        block64        block128        block256
8 1.9073486328e-06 1.9073486328e-06 9.5367431641e-07 9.5367431641e-07 9.5367431641e-07 9.5367431641e-07 1.1920928955e-06 9.5367431641e-07 9.5367431641e-07
16 8.1062316895e-06 1.1920928955e-05 8.8214874268e-06 8.1062316895e-06 6.9141387939e-06 6.1988830566e-06 6.9141387939e-06 5.9604644775e-06 5.9604644775e-06
32 6.9856643677e-05 8.5115432739e-05 6.5088272095e-05 5.6982040405e-05 5.1021575928e-05 7.4148178101e-05 7.4863433838e-05 7.5101852417e-05 7.5101852417e-05
64 5.0306320190e-04 6.6399574280e-04 5.1903724670e-04 4.4798851013e-04 4.0698051453e-04 5.8794021606e-04 4.6896934509e-04 4.7612190247e-04 4.6801567078e-04
128 4.0068626404e-03 5.1860809326e-03 4.3051242828e-03 3.5870075226e-03 4.8069953918e-03 4.5070648193e-03 3.9551258087e-03 3.9708614349e-03 3.0758380890e-03
256 1.7426967621e-02 1.9840955734e-02 1.4585018158e-02 1.2501955032e-02 1.1296987534e-02 1.5141010284e-02 1.4328002930e-02 1.4783859253e-02 1.5995025635e-02
512 8.9384818077e-01 1.6142702103e-01 1.3421487808e-01 1.0126996040e-01 1.0695505142e-01 7.4680399895e-01 8.4780788422e-01 8.6580514908e-01 9.0065503120e-01
1024 1.9446732044e+01 3.9145650864e+00 2.1203110218e+00 1.6740560532e+00 1.0403750181e+01 1.9235926151e+01 1.8986200094e+01 1.9073966980e+01 1.9540070772e+01

N     naive_float         block2         block4         block8         block16         block32         block64         block128         block256
8 1.1920928955e-06 2.8610229492e-06 1.9073486328e-06 9.5367431641e-07 2.1457672119e-06 1.9073486328e-06 2.1457672119e-06 1.9073486328e-06 9.5367431641e-07
16 8.1062316895e-06 1.4066696167e-05 1.0013580322e-05 8.1062316895e-06 7.8678131104e-06 6.9141387939e-06 7.1525573730e-06 6.9141387939e-06 7.1525573730e-06
32 7.9154968262e-05 1.0704994202e-04 7.7009201050e-05 6.4134597778e-05 5.6982040405e-05 7.5101852417e-05 8.1062316895e-05 8.2969665527e-05 8.2969665527e-05
64 5.4907798767e-04 7.7605247498e-04 5.4001808167e-04 4.4798851013e-04 4.0698051453e-04 5.4788589478e-04 4.7707557678e-04 4.6896934509e-04 4.6896934509e-04
128 3.9908885956e-03 5.6519508362e-03 4.5969486237e-03 3.5741329193e-03 3.2629966736e-03 4.5921802521e-03 3.9398670197e-03 3.9691925049e-03 3.4520626068e-03
256 1.6325950623e-02 1.9958972931e-02 1.5043973923e-02 1.2660026550e-02 1.1167049408e-02 1.5341997147e-02 1.4119863510e-02 1.4626979828e-02 1.6704082489e-02
512 9.0912413597e-01 1.8165802956e-01 1.4073014259e-01 1.0518503189e-01 1.1215686798e-01 7.3244714737e-01 8.9153003693e-01 8.6757302284e-01 8.8894987106e-01
1024 1.9318892002e+01 3.4054450989e+00 1.8823130131e+00 1.5385780334e+00 1.0006206989e+01 1.8537331104e+01 1.9257066011e+01 1.9613503933e+01 2.0258347988e+01
